0,0,0,
0.000045351,0.1208881632379174,0.1250492237710784,
0.000090702,0.21669292216562522,0.24813530948112733,
0.000136053,0.26863630888577383,0.36732593822121146,
0.000181404,0.2967494424565825,0.4807499455591066,
0.000226755,0.3144000474570876,0.5866266968045316,
0.000272106,0.32657543354087426,0.6832940410549863,
0.000317457,0.33539034928309847,0.7692344051737983,
0.000362808,0.34189002116435757,0.843098618053043,
0.000408159,0.3466489708792749,0.9037270911460795,
0.00045351,0.35000371652752776,0.9501680227581697,
0.000498861,0.3521555502109886,0.9816923403074295,
0.000544212,0.3532197677338229,0.9978051459787216,
0.000589563,0.3532497275938691,0.9982534860860542,
0.000634914,0.3522468832371365,0.9830303221728706,
0.000680265,0.3501611549455421,0.9523746415082318,
0.000725616,0.34688140550244,0.9067677052442236,
0.000770967,0.34221251260096147,0.846925493134473,
0.000816318,0.33582816383046804,0.7737874634235499,
0.000861669,0.3271728450413599,0.6885018043648821,
0.00090702,0.3152413240277489,0.592407408902456,
0.000952371,0.2980173424448365,0.48701285549437745,
0.000997722,0.270805329739597,0.3739727250567137,
0.0010430729999999998,0.22106945455005483,0.25506162582607494,
0.0010884239999999997,0.1281953743650388,0.1321463339226063,
0.0011337749999999996,0.007552650236506964,0.007156486976525867,
0.0011791259999999995,-0.1142853892412383,-0.11794570910330528,
0.0012244769999999994,-0.21248756987116552,-0.24119628464769327,
0.0012698279999999993,-0.2664786128706032,-0.36066033843455597,
0.0013151789999999992,-0.29546267307031154,-0.474462413553076,
0.0013605299999999991,-0.31353024682403025,-0.5808159400562198,
0.001405880999999999,-0.3259446797568916,-0.6780512821837106,
0.001451231999999999,-0.3349161518659877,-0.7646419498442772,
0.0014965829999999988,-0.3415289557145815,-0.839228562865152,
0.0015419339999999987,-0.3463762162906896,-0.9006401917959241,
0.0015872849999999986,-0.34980447358383016,-0.947912740239126,
0.0016326359999999985,-0.35202105319645366,-0.9803040801247699,
0.0016779869999999984,-0.3531453259851439,-0.9973057023213341,
0.0017233379999999983,-0.3532337931737772,-0.9986506996811628,
0.0017686889999999982,-0.3522908043510642,-0.9843179571950669,
0.001814039999999998,-0.35026935438553874,-0.9545324834752139,
0.001859390999999998,-0.3470622727938375,-0.9097618783623856,
0.001904741999999998,-0.3424802231599798,-0.8507089921123598,
0.0019500929999999978,-0.336206393535581,-0.7783008914042812,
0.0019954439999999977,-0.32770267173452794,-0.6936743053927993,
0.0020407949999999976,-0.3159997833693673,-0.598157780285272,
0.0020861459999999975,-0.2991674675177126,-0.49325082259794245,
0.0021314969999999974,-0.2727535588906975,-0.3806003585194915,
0.0021768479999999973,-0.22489977929365856,-0.2619748789445918,
0.002222198999999997,-0.1346048468651963,-0.13923667607257426,
0.002267549999999997,-0.014624680705055359,-0.014312607426694783,
0.002312900999999997,0.1076195866506953,0.11083615373261727,
0.002358251999999997,0.20815239694786594,0.23424490671459797,
0.0024036029999999968,0.26430448593219447,0.3539762670818467,
0.0024489539999999967,0.29421371499990195,0.4681505814982815,
0.0024943049999999966,0.31271914099938986,0.5749754362610137,
0.0025396559999999965,0.3253821911795157,0.6727737962639914,
0.0025850069999999964,0.33451528775803874,0.7600103326420022,
0.0026303579999999963,0.3412441747583413,0.8353155257793983,
0.002675708999999996,0.34618155908062,0.8975071652922765,
0.002721059999999996,0.3496844551548147,0.9456089094575639,
0.002766410999999996,0.3519664478892173,0.9788656127259717,
0.002811761999999996,0.35315109713340054,0.9967551806933788,
0.0028571129999999958,0.35329810639939035,0.998996766420371,
0.0029024639999999957,0.35241469564499606,0.985555179426552,
0.0029478149999999956,0.35045692286430496,0.9566414381431637,
0.0029931659999999955,0.34732147404518027,0.9127094571511082,
0.0030385169999999954,0.34282459806430043,0.8544489212111627,
0.0030838679999999953,0.33665858434380314,0.7827744579564349,
0.003129218999999995,0.328301874798332,0.6988112792241191,
0.003174569999999995,0.3168191376238304,0.6038775164421738,
0.003219920999999995,0.3003605386244888,0.4994635273863109,
0.003265271999999995,0.2746995086435077,0.38720849916891675,
0.0033106229999999947,0.2286195825007514,0.2688747147677644,
0.0033559739999999946,0.14092583249483437,0.14631988708228652,
0.0034013249999999945,0.0216916605022576,0.02146799484291247,
0.0034466759999999944,-0.10088738142161856,-0.10372092178173292,
0.0034920269999999943,-0.2036194752657729,-0.22728153170335122,
0.0035373779999999942,-0.2619907140625769,-0.34727406649422954,
0.003582728999999994,-0.2928590614667049,-0.4618147726612746,
0.003628079999999994,-0.31181353706018994,-0.5691054845459343,
0.003673430999999994,-0.32472939285780367,-0.6674618535873471,
0.003718781999999994,-0.3340258972281133,-0.7553397907797049,
0.0037641329999999937,-0.3408716973173035,-0.8313597072057413,
0.0038094839999999936,-0.34589961351419884,-0.8943281720961033,
0.0038548349999999935,-0.34947735418013987,-0.9432566484063936,
0.0039001859999999934,-0.3518248621512906,-0.9773770117835274,
0.003945536999999994,-0.35306993190584424,-0.9961536092903508,
0.003990887999999994,-0.3532754882907808,-0.9992916685795378,
0.0040362389999999936,-0.3524516238010192,-0.9867419255017991,
0.0040815899999999935,-0.35055744590476445,-0.9587013974999392,
0.004126940999999993,-0.34749346078547705,-0.9156102906473079,
0.004172291999999993,-0.3430814236723775,-0.8581450888868148,
0.004217642999999993,-0.33702255228335354,-0.7872079339619963,
0.004262993999999993,-0.32881143568772453,-0.7039124627637857,
0.004308344999999993,-0.31754561660883085,-0.6095663244313726,
0.004353695999999993,-0.3014524575646241,-0.5056506516698316,
0.004399046999999993,-0.2765199198471709,-0.39379680856271027,
0.004444397999999993,-0.23215223710930444,-0.27576077991386483,
0.0044897489999999925,-0.14713181530943123,-0.153395604178276,
0.0045350999999999924,-0.02875091978310914,-0.028622282755127692,
